<?xml version="1.0"?>
<opencv_storage>
<intrinsic type_id="opencv-matrix">
  <rows>4</rows>
  <cols>4</cols>
  <dt>d</dt>
  <data>
    3.0240301557414609e+03 0. 5.6306414969365278e+02 0. 0.
    3.0077670306776604e+03 5.5772740906759418e+02 0. 0. 0. 1. 0. 0. 0.
    0. 1.</data></intrinsic>
<extrinsic type_id="opencv-matrix">
  <rows>4</rows>
  <cols>4</cols>
  <dt>d</dt>
  <data>
    9.8300768852227571e-01 -5.0451987519136494e-02
    -1.7649498933811503e-01 3.2889835671837045e+02
    3.8673561017559983e-02 9.9682841299794334e-01
    -6.9551928213550884e-02 1.9164370301995422e+02
    1.7944425313816409e-01 6.1544390446008720e-02 9.8184115213221523e-01
    -6.8739533088000826e+02 0. 0. 0. 1.</data></extrinsic>
<extrinsicInv type_id="opencv-matrix">
  <rows>4</rows>
  <cols>4</cols>
  <dt>d</dt>
  <data>
    9.8300768852227582e-01 3.8673561017560011e-02 1.7944425313816406e-01
    -2.0737201607844938e+02 -5.0451987519136467e-02
    9.9682841299794323e-01 6.1544390446008720e-02
    -1.3213698591976780e+02 -1.7649498933811505e-01
    -6.9551928213550870e-02 9.8184115213221523e-01
    7.4629112467888774e+02 0. 0. 0. 1.</data></extrinsicInv>
<distCoefs type_id="opencv-matrix">
  <rows>1</rows>
  <cols>5</cols>
  <dt>d</dt>
  <data>
    0. 0. 0. 0. 0.</data></distCoefs>
</opencv_storage>
