<?xml version="1.0"?>
<opencv_storage>
<intrinsic type_id="opencv-matrix">
  <rows>4</rows>
  <cols>4</cols>
  <dt>d</dt>
  <data>
    1.9789363024695754e+03 0. 5.2775188568541762e+02 0. 0.
    1.9783502720266747e+03 7.8577165953187205e+02 0. 0. 0. 1. 0. 0. 0.
    0. 1.</data></intrinsic>
<extrinsic type_id="opencv-matrix">
  <rows>4</rows>
  <cols>4</cols>
  <dt>d</dt>
  <data>
    9.8120353492539636e-01 -1.6082799102815452e-02
    1.9230435934456866e-01 -2.0511621195468331e+02
    2.4286058506654998e-03 9.9747129895901476e-01 7.1028935136589172e-02
    1.1938685074124734e+02 -1.9296042320519674e-01
    -6.9226810745795300e-02 9.7876142330520832e-01
    -1.7929267427213907e+02 0. 0. 0. 1.</data></extrinsic>
<extrinsicInv type_id="opencv-matrix">
  <rows>4</rows>
  <cols>4</cols>
  <dt>d</dt>
  <data>
    9.8120353492539636e-01 2.4286058506655158e-03
    -1.9296042320519671e-01 1.6637441833109594e+02
    -1.6082799102815439e-02 9.9747129895901487e-01
    -6.9226810745795300e-02 -1.3479565994704058e+02
    1.9230435934456866e-01 7.1028935136589186e-02 9.7876142330520832e-01
    2.0644957391246436e+02 0. 0. 0. 1.</data></extrinsicInv>
<distCoefs type_id="opencv-matrix">
  <rows>1</rows>
  <cols>5</cols>
  <dt>d</dt>
  <data>
    0. 0. 0. 0. 0.</data></distCoefs>
</opencv_storage>
